Afghanistan,5,1,648,16,10,2,0,3,5,1,1,0,1,1,1,0,vert,0,0,0,0,1,0,0,1,0,0,noir,vert
Albania,3,1,29,3,6,6,0,0,3,1,0,0,1,0,1,0,rouge,0,0,0,0,1,0,0,0,1,0,rouge,rouge
Algeria,4,1,2388,20,8,2,2,0,3,1,1,0,0,1,0,0,vert,0,0,0,0,1,1,0,0,0,0,vert,blanc
American-Samoa,6,3,0,0,1,1,0,0,5,1,0,1,1,1,0,1,bleu,0,0,0,0,0,0,1,1,1,0,bleu,rouge
Andorra,3,1,0,0,6,0,3,0,3,1,0,1,1,0,0,0,or,0,0,0,0,0,0,0,0,0,0,bleu,rouge
Angola,4,2,1247,7,10,5,0,2,3,1,0,0,1,0,1,0,rouge,0,0,0,0,1,0,0,1,0,0,rouge,noir
Anguilla,1,4,0,0,1,1,0,1,3,0,0,1,0,1,0,1,blanc,0,0,0,0,0,0,0,0,1,0,blanc,bleu
Antigua-Barbuda,1,4,0,0,1,1,0,1,5,1,0,1,1,1,1,0,rouge,0,0,0,0,1,0,1,0,0,0,noir,rouge
Argentina,2,3,2777,28,2,0,0,3,2,0,0,1,0,1,0,0,bleu,0,0,0,0,0,0,0,0,0,0,bleu,bleu
Argentine,2,3,2777,28,2,0,0,3,3,0,0,1,1,1,0,0,bleu,0,0,0,0,1,0,0,0,0,0,bleu,bleu
Australia,6,2,7690,15,1,1,0,0,3,1,0,1,0,1,0,0,bleu,0,1,1,1,6,0,0,0,0,0,blanc,bleu
Austria,3,1,84,8,4,0,0,3,2,1,0,0,0,1,0,0,rouge,0,0,0,0,0,0,0,0,0,0,rouge,rouge
Bahamas,1,4,19,0,1,1,0,3,3,0,0,1,1,0,1,0,bleu,0,0,0,0,0,0,1,0,0,0,bleu,bleu
Bahrain,5,1,1,0,8,2,0,0,2,1,0,0,0,1,0,0,rouge,0,0,0,0,0,0,0,0,0,0,blanc,rouge
Bangladesh,5,1,143,90,6,2,0,0,2,1,1,0,0,0,0,0,vert,1,0,0,0,0,0,0,0,0,0,vert,vert
Barbados,1,4,0,0,1,1,3,0,3,0,0,1,1,0,1,0,bleu,0,0,0,0,0,0,0,1,0,0,bleu,bleu
Belgium,3,1,31,10,6,0,3,0,3,1,0,0,1,0,1,0,or,0,0,0,0,0,0,0,0,0,0,noir,rouge
Belize,1,4,23,0,1,1,0,2,8,1,1,1,1,1,1,1,bleu,1,0,0,0,0,0,0,1,1,1,rouge,rouge
Benin,4,1,113,3,3,5,0,0,2,1,1,0,0,0,0,0,vert,0,0,0,0,1,0,0,0,0,0,vert,vert
Bermuda,1,4,0,0,1,1,0,0,6,1,1,1,1,1,1,0,rouge,1,1,1,1,0,0,0,1,1,0,blanc,rouge
Bhutan,5,1,47,1,10,3,0,0,4,1,0,0,0,1,1,1,orange,4,0,0,0,0,0,0,0,1,0,orange,rouge
Bolivia,2,3,1099,6,2,0,0,3,3,1,1,0,1,0,0,0,rouge,0,0,0,0,0,0,0,0,0,0,rouge,vert
Botswana,4,2,600,1,10,5,0,5,3,0,0,1,0,1,1,0,bleu,0,0,0,0,0,0,0,0,0,0,bleu,bleu
Brazil,2,3,8512,119,6,0,0,0,4,0,1,1,1,1,0,0,vert,1,0,0,0,22,0,0,0,0,1,vert,vert
British-Virgin-Isles,1,4,0,0,1,1,0,0,6,1,1,1,1,1,0,1,bleu,0,1,1,1,0,0,0,1,1,1,blanc,bleu
Brunei,5,1,6,0,10,2,0,0,4,1,0,0,1,1,1,0,or,0,0,0,0,0,0,1,1,1,1,blanc,or
Bulgaria,3,1,111,9,5,6,0,3,5,1,1,1,1,1,0,0,rouge,0,0,0,0,1,0,0,1,1,0,blanc,rouge
Burkina,4,4,274,7,3,5,0,2,3,1,1,0,1,0,0,0,rouge,0,0,0,0,1,0,0,0,0,0,rouge,vert
Burma,5,1,678,35,10,3,0,0,3,1,0,1,0,1,0,0,rouge,0,0,0,1,14,0,0,1,1,0,bleu,rouge
Burundi,4,2,28,4,10,5,0,0,3,1,1,0,0,1,0,0,rouge,1,0,1,0,3,0,0,0,0,0,blanc,blanc
Cameroon,4,1,474,8,3,1,3,0,3,1,1,0,1,0,0,0,or,0,0,0,0,1,0,0,0,0,0,vert,or
Canada,1,4,9976,24,1,1,2,0,2,1,0,0,0,1,0,0,rouge,0,0,0,0,0,0,0,0,1,0,rouge,rouge
Cape-Verde-Islands,4,4,4,0,6,0,1,2,5,1,1,0,1,0,1,1,or,0,0,0,0,1,0,0,0,1,0,rouge,vert
Cayman-Islands,1,4,0,0,1,1,0,0,6,1,1,1,1,1,0,1,bleu,1,1,1,1,4,0,0,1,1,1,blanc,bleu
Central-African-Republic,4,1,623,2,10,5,1,0,5,1,1,1,1,1,0,0,or,0,0,0,0,1,0,0,0,0,0,bleu,or
Chad,4,1,1284,4,3,5,3,0,3,1,0,1,1,0,0,0,or,0,0,0,0,0,0,0,0,0,0,bleu,rouge
Chile,2,3,757,11,2,0,0,2,3,1,0,1,0,1,0,0,rouge,0,0,0,1,1,0,0,0,0,0,bleu,rouge
China,5,1,9561,1008,7,6,0,0,2,1,0,0,1,0,0,0,rouge,0,0,0,0,5,0,0,0,0,0,rouge,rouge
Colombia,2,4,1139,28,2,0,0,3,3,1,0,1,1,0,0,0,or,0,0,0,0,0,0,0,0,0,0,or,rouge
Comorro-Islands,4,2,2,0,3,2,0,0,2,0,1,0,0,1,0,0,vert,0,0,0,0,4,1,0,0,0,0,vert,vert
Congo,4,2,342,2,10,5,0,0,3,1,1,0,1,0,0,0,rouge,0,0,0,0,1,0,0,1,1,0,rouge,rouge
Cook-Islands,6,3,0,0,1,1,0,0,4,1,0,1,0,1,0,0,bleu,1,1,1,1,15,0,0,0,0,0,blanc,bleu
Costa-Rica,1,4,51,2,2,0,0,5,3,1,0,1,0,1,0,0,bleu,0,0,0,0,0,0,0,0,0,0,bleu,bleu
Cuba,1,4,115,10,2,6,0,5,3,1,0,1,0,1,0,0,bleu,0,0,0,0,1,0,1,0,0,0,bleu,bleu
Cyprus,3,1,9,1,6,1,0,0,3,0,1,0,1,1,0,0,blanc,0,0,0,0,0,0,0,1,1,0,blanc,blanc
Czechoslovakia,3,1,128,15,5,6,0,0,3,1,0,1,0,1,0,0,blanc,0,0,0,0,0,0,1,0,0,0,blanc,rouge
Denmark,3,1,43,5,6,1,0,0,2,1,0,0,0,1,0,0,rouge,0,1,0,0,0,0,0,0,0,0,rouge,rouge
Djibouti,4,1,22,0,3,2,0,0,4,1,1,1,0,1,0,0,bleu,0,0,0,0,1,0,1,0,0,0,blanc,vert
Dominica,1,4,0,0,1,1,0,0,6,1,1,1,1,1,1,0,vert,1,0,0,0,10,0,0,0,1,0,vert,vert
Dominican-Republic,1,4,49,6,2,0,0,0,3,1,0,1,0,1,0,0,bleu,0,1,0,0,0,0,0,0,0,0,bleu,bleu
Ecuador,2,3,284,8,2,0,0,3,3,1,0,1,1,0,0,0,or,0,0,0,0,0,0,0,0,0,0,or,rouge
Egypt,4,1,1001,47,8,2,0,3,4,1,0,0,1,1,1,0,noir,0,0,0,0,0,0,0,0,1,1,rouge,noir
El-Salvador,1,4,21,5,2,0,0,3,2,0,0,1,0,1,0,0,bleu,0,0,0,0,0,0,0,0,0,0,bleu,bleu
Equatorial-Guinea,4,1,28,0,10,5,0,3,4,1,1,1,0,1,0,0,vert,0,0,0,0,0,0,1,0,0,0,vert,rouge
Ethiopia,4,1,1222,31,10,1,0,3,3,1,1,0,1,0,0,0,vert,0,0,0,0,0,0,0,0,0,0,vert,rouge
Faeroes,3,4,1,0,6,1,0,0,3,1,0,1,0,1,0,0,blanc,0,1,0,0,0,0,0,0,0,0,blanc,blanc
Falklands-Malvinas,2,3,12,0,1,1,0,0,6,1,1,1,1,1,0,0,bleu,1,1,1,1,0,0,0,1,1,1,blanc,bleu
Fiji,6,2,18,1,1,1,0,0,7,1,1,1,1,1,0,1,bleu,0,2,1,1,0,0,0,1,1,0,blanc,bleu
Finland,3,1,337,5,9,1,0,0,2,0,0,1,0,1,0,0,blanc,0,1,0,0,0,0,0,0,0,0,blanc,blanc
France,3,1,547,54,3,0,3,0,3,1,0,1,0,1,0,0,blanc,0,0,0,0,0,0,0,0,0,0,bleu,rouge
French-Guiana,2,4,91,0,3,0,3,0,3,1,0,1,0,1,0,0,blanc,0,0,0,0,0,0,0,0,0,0,bleu,rouge
French-Polynesia,6,3,4,0,3,0,0,3,5,1,0,1,1,1,1,0,rouge,1,0,0,0,1,0,0,1,0,0,rouge,rouge
Gabon,4,2,268,1,10,5,0,3,3,0,1,1,1,0,0,0,vert,0,0,0,0,0,0,0,0,0,0,vert,bleu
Gambia,4,4,10,1,1,5,0,5,4,1,1,1,0,1,0,0,rouge,0,0,0,0,0,0,0,0,0,0,rouge,vert
Germany-DDR,3,1,108,17,4,6,0,3,3,1,0,0,1,0,1,0,or,0,0,0,0,0,0,0,1,0,0,noir,or
Germany-FRG,3,1,249,61,4,1,0,3,3,1,0,0,1,0,1,0,noir,0,0,0,0,0,0,0,0,0,0,noir,or
Ghana,4,4,239,14,1,5,0,3,4,1,1,0,1,0,1,0,rouge,0,0,0,0,1,0,0,0,0,0,rouge,vert
Gibraltar,3,4,0,0,1,1,0,1,3,1,0,0,1,1,0,0,blanc,0,0,0,0,0,0,0,1,0,0,blanc,rouge
Greece,3,1,132,10,6,1,0,9,2,0,0,1,0,1,0,0,bleu,0,1,0,1,0,0,0,0,0,0,bleu,bleu
vertland,1,4,2176,0,6,1,0,0,2,1,0,0,0,1,0,0,blanc,1,0,0,0,0,0,0,0,0,0,blanc,rouge
Grenada,1,4,0,0,1,1,0,0,3,1,1,0,1,0,0,0,or,1,0,0,0,7,0,1,0,1,0,rouge,rouge
Guam,6,1,0,0,1,1,0,0,7,1,1,1,1,1,0,1,bleu,0,0,0,0,0,0,0,1,1,1,rouge,rouge
Guatemala,1,4,109,8,2,0,3,0,2,0,0,1,0,1,0,0,bleu,0,0,0,0,0,0,0,0,0,0,bleu,bleu
Guinea,4,4,246,6,3,2,3,0,3,1,1,0,1,0,0,0,or,0,0,0,0,0,0,0,0,0,0,rouge,vert
Guinea-Bissau,4,4,36,1,6,5,1,2,4,1,1,0,1,0,1,0,or,0,0,0,0,1,0,0,0,0,0,rouge,vert
Guyana,2,4,215,1,1,4,0,0,5,1,1,0,1,1,1,0,vert,0,0,0,0,0,0,1,0,0,0,noir,vert
Haiti,1,4,28,6,3,0,2,0,2,1,0,0,0,0,1,0,noir,0,0,0,0,0,0,0,0,0,0,noir,rouge
Honduras,1,4,112,4,2,0,0,3,2,0,0,1,0,1,0,0,bleu,0,0,0,0,5,0,0,0,0,0,bleu,bleu
Hong-Kong,5,1,1,5,7,3,0,0,6,1,1,1,1,1,0,1,bleu,1,1,1,1,0,0,0,1,1,1,blanc,bleu
Hungary,3,1,93,11,9,6,0,3,3,1,1,0,0,1,0,0,rouge,0,0,0,0,0,0,0,0,0,0,rouge,vert
Iceland,3,4,103,0,6,1,0,0,3,1,0,1,0,1,0,0,bleu,0,1,0,0,0,0,0,0,0,0,bleu,bleu
India,5,1,3268,684,6,4,0,3,4,0,1,1,0,1,0,1,orange,1,0,0,0,0,0,0,1,0,0,orange,vert
Indonesia,6,2,1904,157,10,2,0,2,2,1,0,0,0,1,0,0,rouge,0,0,0,0,0,0,0,0,0,0,rouge,blanc
Iran,5,1,1648,39,6,2,0,3,3,1,1,0,0,1,0,0,rouge,0,0,0,0,0,0,0,1,0,1,vert,rouge
Iraq,5,1,435,14,8,2,0,3,4,1,1,0,0,1,1,0,rouge,0,0,0,0,3,0,0,0,0,0,rouge,noir
Ireland,3,4,70,3,1,0,3,0,3,0,1,0,0,1,0,1,blanc,0,0,0,0,0,0,0,0,0,0,vert,orange
Israel,5,1,21,4,10,7,0,2,2,0,0,1,0,1,0,0,blanc,0,0,0,0,1,0,0,0,0,0,bleu,bleu
Italy,3,1,301,57,6,0,3,0,3,1,1,0,0,1,0,0,blanc,0,0,0,0,0,0,0,0,0,0,vert,rouge
Ivory-Coast,4,4,323,7,3,5,3,0,3,1,1,0,0,1,0,0,blanc,0,0,0,0,0,0,0,0,0,0,rouge,vert
Jamaica,1,4,11,2,1,1,0,0,3,0,1,0,1,0,1,0,vert,0,0,1,0,0,0,1,0,0,0,or,or
Japan,5,1,372,118,9,7,0,0,2,1,0,0,0,1,0,0,blanc,1,0,0,0,1,0,0,0,0,0,blanc,blanc
Jordan,5,1,98,2,8,2,0,3,4,1,1,0,0,1,1,0,noir,0,0,0,0,1,0,1,0,0,0,noir,vert
Kampuchea,5,1,181,6,10,3,0,0,2,1,0,0,1,0,0,0,rouge,0,0,0,0,0,0,0,1,0,0,rouge,rouge
Kenya,4,1,583,17,10,5,0,5,4,1,1,0,0,1,1,0,rouge,1,0,0,0,0,0,0,1,0,0,noir,vert
Kiribati,6,1,0,0,1,1,0,0,4,1,0,1,1,1,0,0,rouge,0,0,0,0,1,0,0,1,1,0,rouge,bleu
Kuwait,5,1,18,2,8,2,0,3,4,1,1,0,0,1,1,0,vert,0,0,0,0,0,0,0,0,0,0,vert,rouge
Laos,5,1,236,3,10,6,0,3,3,1,0,1,0,1,0,0,rouge,1,0,0,0,0,0,0,0,0,0,rouge,rouge
Lebanon,5,1,10,3,8,2,0,2,4,1,1,0,0,1,0,1,rouge,0,0,0,0,0,0,0,0,1,0,rouge,rouge
Lesotho,4,2,30,1,10,5,2,0,4,1,1,1,0,1,0,0,bleu,0,0,0,0,0,0,0,1,0,0,vert,bleu
Liberia,4,4,111,1,10,5,0,11,3,1,0,1,0,1,0,0,rouge,0,0,0,1,1,0,0,0,0,0,bleu,rouge
Libya,4,1,1760,3,8,2,0,0,1,0,1,0,0,0,0,0,vert,0,0,0,0,0,0,0,0,0,0,vert,vert
Liechtenstein,3,1,0,0,4,0,0,2,3,1,0,1,1,0,0,0,rouge,0,0,0,0,0,0,0,1,0,0,bleu,rouge
Luxembourg,3,1,3,0,4,0,0,3,3,1,0,1,0,1,0,0,rouge,0,0,0,0,0,0,0,0,0,0,rouge,bleu
Malagasy,4,2,587,9,10,1,1,2,3,1,1,0,0,1,0,0,rouge,0,0,0,0,0,0,0,0,0,0,blanc,vert
Malawi,4,2,118,6,10,5,0,3,3,1,1,0,0,0,1,0,rouge,0,0,0,0,1,0,0,0,0,0,noir,vert
Malaysia,5,1,333,13,10,2,0,14,4,1,0,1,1,1,0,0,rouge,0,0,0,1,1,1,0,0,0,0,bleu,blanc
Maldive-Islands,5,1,0,0,10,2,0,0,3,1,1,0,0,1,0,0,rouge,0,0,0,0,0,1,0,0,0,0,rouge,rouge
Mali,4,4,1240,7,3,2,3,0,3,1,1,0,1,0,0,0,or,0,0,0,0,0,0,0,0,0,0,vert,rouge
Malta,3,1,0,0,10,0,2,0,3,1,0,0,0,1,1,0,rouge,0,1,0,0,0,0,0,1,0,0,blanc,rouge
Marianas,6,1,0,0,10,1,0,0,3,0,0,1,0,1,0,0,bleu,0,0,0,0,1,0,0,1,0,0,bleu,bleu
Mauritania,4,4,1031,2,8,2,0,0,2,0,1,0,1,0,0,0,vert,0,0,0,0,1,1,0,0,0,0,vert,vert
Mauritius,4,2,2,1,1,4,0,4,4,1,1,1,1,0,0,0,rouge,0,0,0,0,0,0,0,0,0,0,rouge,vert
Mexico,1,4,1973,77,2,0,3,0,4,1,1,0,0,1,0,1,vert,0,0,0,0,0,0,0,0,1,0,vert,rouge
Micronesia,6,1,1,0,10,1,0,0,2,0,0,1,0,1,0,0,bleu,0,0,0,0,4,0,0,0,0,0,bleu,bleu
Monaco,3,1,0,0,3,0,0,2,2,1,0,0,0,1,0,0,rouge,0,0,0,0,0,0,0,0,0,0,rouge,blanc
Mongolia,5,1,1566,2,10,6,3,0,3,1,0,1,1,0,0,0,rouge,2,0,0,0,1,1,1,1,0,0,rouge,rouge
Montserrat,1,4,0,0,1,1,0,0,7,1,1,1,1,1,1,0,bleu,0,2,1,1,0,0,0,1,1,0,blanc,bleu
Morocco,4,4,447,20,8,2,0,0,2,1,1,0,0,0,0,0,rouge,0,0,0,0,1,0,0,0,0,0,rouge,rouge
Mozambique,4,2,783,12,10,5,0,5,5,1,1,0,1,1,1,0,or,0,0,0,0,1,0,1,1,0,0,vert,or
Nauru,6,2,0,0,10,1,0,3,3,0,0,1,1,1,0,0,bleu,0,0,0,0,1,0,0,0,0,0,bleu,bleu
Nepal,5,1,140,16,10,4,0,0,3,0,0,1,0,1,0,1,brown,0,0,0,0,2,1,0,0,0,0,bleu,bleu
Netherlands,3,1,41,14,6,1,0,3,3,1,0,1,0,1,0,0,rouge,0,0,0,0,0,0,0,0,0,0,rouge,bleu
Netherlands-Antilles,1,4,0,0,6,1,0,1,3,1,0,1,0,1,0,0,blanc,0,0,0,0,6,0,0,0,0,0,blanc,blanc
New-Zealand,6,2,268,2,1,1,0,0,3,1,0,1,0,1,0,0,bleu,0,1,1,1,4,0,0,0,0,0,blanc,bleu
Nicaragua,1,4,128,3,2,0,0,3,2,0,0,1,0,1,0,0,bleu,0,0,0,0,0,0,0,0,0,0,bleu,bleu
Niger,4,1,1267,5,3,2,0,3,3,0,1,0,0,1,0,1,orange,1,0,0,0,0,0,0,0,0,0,orange,vert
Nigeria,4,1,925,56,10,2,3,0,2,0,1,0,0,1,0,0,vert,0,0,0,0,0,0,0,0,0,0,vert,vert
Niue,6,3,0,0,1,1,0,0,4,1,0,1,1,1,0,0,or,1,1,1,1,5,0,0,0,0,0,blanc,or
North-Korea,5,1,121,18,10,6,0,5,3,1,0,1,0,1,0,0,bleu,1,0,0,0,1,0,0,0,0,0,bleu,bleu
North-Yemen,5,1,195,9,8,2,0,3,4,1,1,0,0,1,1,0,rouge,0,0,0,0,1,0,0,0,0,0,rouge,noir
Norway,3,1,324,4,6,1,0,0,3,1,0,1,0,1,0,0,rouge,0,1,0,0,0,0,0,0,0,0,rouge,rouge
Oman,5,1,212,1,8,2,0,2,3,1,1,0,0,1,0,0,rouge,0,0,0,0,0,0,0,1,0,0,rouge,vert
Pakistan,5,1,804,84,6,2,1,0,2,0,1,0,0,1,0,0,vert,0,0,0,0,1,1,0,0,0,0,blanc,vert
Panama,2,4,76,2,2,0,0,0,3,1,0,1,0,1,0,0,rouge,0,0,0,4,2,0,0,0,0,0,blanc,blanc
Papua-New-Guinea,6,2,463,3,1,5,0,0,4,1,0,0,1,1,1,0,noir,0,0,0,0,5,0,1,0,1,0,rouge,noir
Parguay,2,3,407,3,2,0,0,3,6,1,1,1,1,1,1,0,rouge,1,0,0,0,1,0,0,1,1,1,rouge,bleu
Peru,2,3,1285,14,2,0,3,0,2,1,0,0,0,1,0,0,rouge,0,0,0,0,0,0,0,0,0,0,rouge,rouge
Philippines,6,1,300,48,10,0,0,0,4,1,0,1,1,1,0,0,bleu,0,0,0,0,4,0,1,0,0,0,bleu,rouge
Poland,3,1,313,36,5,6,0,2,2,1,0,0,0,1,0,0,blanc,0,0,0,0,0,0,0,0,0,0,blanc,rouge
Portugal,3,4,92,10,6,0,0,0,5,1,1,1,1,1,0,0,rouge,1,0,0,0,0,0,0,1,0,0,vert,rouge
Puerto-Rico,1,4,9,3,2,0,0,5,3,1,0,1,0,1,0,0,rouge,0,0,0,0,1,0,1,0,0,0,rouge,rouge
Qatar,5,1,11,0,8,2,0,0,2,0,0,0,0,1,0,1,brown,0,0,0,0,0,0,0,0,0,0,blanc,brown
Romania,3,1,237,22,6,6,3,0,7,1,1,1,1,1,0,1,rouge,0,0,0,0,2,0,0,1,1,1,bleu,rouge
Rwanda,4,2,26,5,10,5,3,0,4,1,1,0,1,0,1,0,rouge,0,0,0,0,0,0,0,0,0,1,rouge,vert
San-Marino,3,1,0,0,6,0,0,2,2,0,0,1,0,1,0,0,blanc,0,0,0,0,0,0,0,0,0,0,blanc,bleu
Sao-Tome,4,1,0,0,6,0,0,3,4,1,1,0,1,0,1,0,vert,0,0,0,0,2,0,1,0,0,0,vert,vert
Saudi-Arabia,5,1,2150,9,8,2,0,0,2,0,1,0,0,1,0,0,vert,0,0,0,0,0,0,0,1,0,1,vert,vert
Senegal,4,4,196,6,3,2,3,0,3,1,1,0,1,0,0,0,vert,0,0,0,0,1,0,0,0,0,0,vert,rouge
Seychelles,4,2,0,0,1,1,0,0,3,1,1,0,0,1,0,0,rouge,0,0,0,0,0,0,0,0,0,0,rouge,vert
Sierra-Leone,4,4,72,3,1,5,0,3,3,0,1,1,0,1,0,0,vert,0,0,0,0,0,0,0,0,0,0,vert,bleu
Singapore,5,1,1,3,7,3,0,2,2,1,0,0,0,1,0,0,blanc,0,0,0,0,5,1,0,0,0,0,rouge,blanc
Soloman-Islands,6,2,30,0,1,1,0,0,4,0,1,1,1,1,0,0,vert,0,0,0,0,5,0,1,0,0,0,bleu,vert
Somalia,4,1,637,5,10,2,0,0,2,0,0,1,0,1,0,0,bleu,0,0,0,0,1,0,0,0,0,0,bleu,bleu
South-Africa,4,2,1221,29,6,1,0,3,5,1,1,1,0,1,0,1,orange,0,1,1,0,0,0,0,0,0,0,orange,bleu
South-Korea,5,1,99,39,10,7,0,0,4,1,0,1,0,1,1,0,blanc,1,0,0,0,0,0,0,1,0,0,blanc,blanc
South-Yemen,5,1,288,2,8,2,0,3,4,1,0,1,0,1,1,0,rouge,0,0,0,0,1,0,1,0,0,0,rouge,noir
Spain,3,4,505,38,2,0,0,3,2,1,0,0,1,0,0,0,rouge,0,0,0,0,0,0,0,0,0,0,rouge,rouge
Sri-Lanka,5,1,66,15,10,3,2,0,4,0,1,0,1,0,0,1,or,0,0,0,0,0,0,0,1,1,0,or,or
St-Helena,4,3,0,0,1,1,0,0,7,1,1,1,1,1,0,1,bleu,0,1,1,1,0,0,0,1,0,0,blanc,bleu
St-Kitts-Nevis,1,4,0,0,1,1,0,0,5,1,1,0,1,1,1,0,vert,0,0,0,0,2,0,1,0,0,0,vert,rouge
St-Lucia,1,4,0,0,1,1,0,0,4,0,0,1,1,1,1,0,bleu,0,0,0,0,0,0,1,0,0,0,bleu,bleu
St-Vincent,1,4,0,0,1,1,5,0,4,0,1,1,1,1,0,0,vert,0,0,0,0,0,0,0,1,1,1,bleu,vert
Sudan,4,1,2506,20,8,2,0,3,4,1,1,0,0,1,1,0,rouge,0,0,0,0,0,0,1,0,0,0,rouge,noir
Surinam,2,4,63,0,6,1,0,5,4,1,1,0,1,1,0,0,rouge,0,0,0,0,1,0,0,0,0,0,vert,vert
Swaziland,4,2,17,1,10,1,0,5,7,1,0,1,1,1,1,1,bleu,0,0,0,0,0,0,0,1,0,0,bleu,bleu
Sweden,3,1,450,8,6,1,0,0,2,0,0,1,1,0,0,0,bleu,0,1,0,0,0,0,0,0,0,0,bleu,bleu
Switzerland,3,1,41,6,4,1,0,0,2,1,0,0,0,1,0,0,rouge,0,1,0,0,0,0,0,0,0,0,rouge,rouge
Syria,5,1,185,10,8,2,0,3,4,1,1,0,0,1,1,0,rouge,0,0,0,0,2,0,0,0,0,0,rouge,noir
Taiwan,5,1,36,18,7,3,0,0,3,1,0,1,0,1,0,0,rouge,1,0,0,1,1,0,0,0,0,0,bleu,rouge
Tanzania,4,2,945,18,10,5,0,0,4,0,1,1,1,0,1,0,vert,0,0,0,0,0,0,1,0,0,0,vert,bleu
Thailand,5,1,514,49,10,3,0,5,3,1,0,1,0,1,0,0,rouge,0,0,0,0,0,0,0,0,0,0,rouge,rouge
Togo,4,1,57,2,3,7,0,5,4,1,1,0,1,1,0,0,vert,0,0,0,1,1,0,0,0,0,0,rouge,vert
Tonga,6,2,1,0,10,1,0,0,2,1,0,0,0,1,0,0,rouge,0,1,0,1,0,0,0,0,0,0,blanc,rouge
Trinidad-Tobago,2,4,5,1,1,1,0,0,3,1,0,0,0,1,1,0,rouge,0,0,0,0,0,0,1,0,0,0,blanc,blanc
Tunisia,4,1,164,7,8,2,0,0,2,1,0,0,0,1,0,0,rouge,1,0,0,0,1,1,0,0,0,0,rouge,rouge
Turkey,5,1,781,45,9,2,0,0,2,1,0,0,0,1,0,0,rouge,0,0,0,0,1,1,0,0,0,0,rouge,rouge
Turks-Cocos-Islands,1,4,0,0,1,1,0,0,6,1,1,1,1,1,0,1,bleu,0,1,1,1,0,0,0,1,1,0,blanc,bleu
Tuvalu,6,2,0,0,1,1,0,0,5,1,0,1,1,1,0,0,bleu,0,1,1,1,9,0,0,0,0,0,blanc,bleu
UAE,5,1,84,1,8,2,1,3,4,1,1,0,0,1,1,0,vert,0,0,0,0,0,0,0,0,0,0,rouge,noir
Uganda,4,1,236,13,10,5,0,6,5,1,0,0,1,1,1,0,or,1,0,0,0,0,0,0,0,1,0,noir,rouge
UK,3,4,245,56,1,1,0,0,3,1,0,1,0,1,0,0,rouge,0,1,1,0,0,0,0,0,0,0,blanc,rouge
Uruguay,2,3,178,3,2,0,0,9,3,0,0,1,1,1,0,0,blanc,0,0,0,1,1,0,0,0,0,0,blanc,blanc
US-Virgin-Isles,1,4,0,0,1,1,0,0,6,1,1,1,1,1,0,0,blanc,0,0,0,0,0,0,0,1,1,1,blanc,blanc
USA,1,4,9363,231,1,1,0,13,3,1,0,1,0,1,0,0,blanc,0,0,0,1,50,0,0,0,0,0,bleu,rouge
USSR,5,1,22402,274,5,6,0,0,2,1,0,0,1,0,0,0,rouge,0,0,0,0,1,0,0,1,0,0,rouge,rouge
Vanuatu,6,2,15,0,6,1,0,0,4,1,1,0,1,0,1,0,rouge,0,0,0,0,0,0,1,0,1,0,noir,vert
Vatican-City,3,1,0,0,6,0,2,0,4,1,0,0,1,1,1,0,or,0,0,0,0,0,0,0,1,0,0,or,blanc
Venezuela,2,4,912,15,2,0,0,3,7,1,1,1,1,1,1,1,rouge,0,0,0,0,7,0,0,1,1,0,or,rouge
Vietnam,5,1,333,60,10,6,0,0,2,1,0,0,1,0,0,0,rouge,0,0,0,0,1,0,0,0,0,0,rouge,rouge
Western-Samoa,6,3,3,0,1,1,0,0,3,1,0,1,0,1,0,0,rouge,0,0,0,1,5,0,0,0,0,0,bleu,rouge
Yugoslavia,3,1,256,22,6,6,0,3,4,1,0,1,1,1,0,0,rouge,0,0,0,0,1,0,0,0,0,0,bleu,rouge
Zaire,4,2,905,28,10,5,0,0,4,1,1,0,1,0,0,1,vert,1,0,0,0,0,0,0,1,1,0,vert,vert
Zambia,4,2,753,6,10,5,3,0,4,1,1,0,0,0,1,1,vert,0,0,0,0,0,0,0,0,1,0,vert,brown
Zimbabwe,4,2,391,8,10,5,0,7,5,1,1,0,1,1,1,0,vert,0,0,0,0,1,0,1,1,1,0,vert,vert
